1 57888
0.987674 57888
0.964585 57888
0.927086 57888
0.870946 57888
0.794097 57888
0.701557 57888
0.608015 57888
0.531306 57888
0.482094 57888
0.460839 53492
0.460949 53492
0.473257 53492
0.489664 53492
0.504878 53492
0.516496 53492
0.524302 53492
0.529269 53492
0.532545 53492
0.534806 53492
0.536186 52561
0.536669 52561
0.536434 52561
0.535752 52561
0.534876 52561
0.533906 52561
0.532699 52561
0.531153 52561
0.529494 52561
0.5281 52561
0.527127 52318
0.526556 52318
0.526385 52318
0.526685 52318
0.527594 52318
0.529286 52318
0.531855 52318
0.535 52318
0.537956 52318
0.539908 52318
0.540332 52154
0.539102 52154
0.536458 52154
0.53287 52154
0.52907 52154
0.526232 52154
0.525473 52154
0.526976 52154
0.529692 52154
0.531873 52154
0.532298 52176
0.531093 52176
0.529352 52176
0.528034 52176
0.527145 52176
0.525927 52176
0.523888 52176
0.521756 52176
0.521259 52176
0.523762 52176
0.529236 52285
0.536351 52285
0.543148 52285
0.547994 52285
0.550545 52285
0.551771 52285
0.552925 52285
0.554532 52285
0.556213 52285
0.557247 52285
0.55722 52259
0.556282 52259
0.554897 52259
0.553295 52259
0.55122 52259
0.548267 52259
0.544371 52259
0.54006 52259
0.536328 52259
0.534031 52259
0.533311 52346
0.533975 52346
0.535975 52346
0.539189 52346
0.543106 52346
0.546564 52346
0.548275 52346
0.548018 52346
0.546845 52346
0.546035 52346
0.546148 52335
0.547058 52335
0.548448 52335
0.549971 52335
0.551054 52335
0.550895 52335
0.548965 52335
0.54571 52335
0.542881 52335
0.542361 52335
0.544124 52421
0.546819 52421
0.549437 52421
0.551179 52421
0.551087 52421
0.548664 52421
0.544595 52421
0.540396 52421
0.537732 52421
0.537785 52421
0.540361 52437
0.544176 52437
0.548105 52437
0.551504 52437
0.553831 52437
0.554645 52437
0.553927 52437
0.552185 52437
0.550013 52437
0.547639 52437
0.545315 52458
0.543712 52458
0.543245 52458
0.54314 52458
0.541952 52458
0.539361 52458
0.536609 52458
0.534861 52458
0.534171 52458
0.53398 52458
0.5343 52474
0.535862 52474
0.53883 52474
0.54225 52474
0.545091 52474
0.54719 52474
0.549188 52474
0.551967 52474
0.555775 52474
0.559601 52474
0.561948 52467
0.562382 52467
0.56202 52467
0.562309 52467
0.563515 52467
0.564656 52467
0.564411 52467
0.561986 52467
0.557747 52467
0.552986 52467
0.548795 52440
0.545484 52440
0.542918 52440
0.540967 52440
0.539781 52440
0.539603 52440
0.540237 52440
0.541103 52440
0.541818 52440
0.542297 52440
0.542343 52414
0.541617 52414
0.540234 52414
0.539361 52414
0.540866 52414
0.545755 52414
0.552773 52414
0.559058 52414
0.562457 52414
0.562792 52414
0.560992 52463
0.558 52463
0.554689 52463
0.551615 52463
0.548456 52463
0.544637 52463
0.540572 52463
0.537471 52463
0.535994 52463
0.535343 52463
0.534022 52486
0.53146 52486
0.528641 52486
0.52716 52486
0.52752 52486
0.528577 52486
0.528868 52486
0.52827 52486
0.527905 52486
0.528578 52486
0.529967 52520
0.531662 52520
0.533985 52520
0.537316 52520
0.541528 52520
0.546181 52520
0.550647 52520
0.554054 52520
0.555419 52520
0.554028 52520
1 52558
0.983444 52558
0.950978 52558
0.909595 52558
0.868324 52558
0.834682 52558
0.812859 52558
0.803276 52558
0.803579 52558
0.810166 52558
0.818274 52415
0.82325 52415
0.823086 52415
0.818718 52415
0.812795 52415
0.807624 52415
0.803975 52415
0.802744 52415
0.805352 52415
0.811369 52415
0.817478 52378
0.819338 52378
0.815083 52378
0.806015 52378
0.794251 52378
0.783332 52378
0.777693 52378
0.779637 52378
0.788227 52378
0.799764 52378
0.810074 52187
0.817216 52187
0.820886 52187
0.820257 52187
0.814346 52187
0.804176 52187
0.79307 52187
0.78495 52187
0.782493 52187
0.785326 52187
0.790595 52156
0.795984 52156
0.800833 52156
0.805011 52156
0.808228 52156
0.809684 52156
0.808431 52156
0.804533 52156
0.799872 52156
0.796962 52156
0.795634 52092
0.793009 52092
0.786936 52092
0.777889 52092
0.768936 52092
0.763967 52092
0.765039 52092
0.770457 52092
0.77589 52092
0.778735 52092
0.7794 52147
0.779193 52147
0.779186 52147
0.77952 52147
0.779468 52147
0.779209 52147
0.779842 52147
0.781699 52147
0.784358 52147
0.787366 52147
0.790128 52146
0.791811 52146
0.792301 52146
0.792829 52146
0.795257 52146
0.800333 52146
0.80509 52146
0.805091 52146
0.799914 52146
0.79299 52146
0.787084 52140
0.782656 52140
0.779555 52140
0.777695 52140
0.778021 52140
0.781486 52140
0.786795 52140
0.790947 52140
0.790545 52140
0.784714 52140
0.777782 52166
0.775318 52166
0.778326 52166
0.783995 52166
0.789269 52166
0.792733 52166
0.794806 52166
0.79641 52166
0.797301 52166
0.796575 52166
0.795 52146
0.794959 52146
0.796834 52146
0.797383 52146
0.793675 52146
0.787273 52146
0.783485 52146
0.784768 52146
0.788206 52146
0.79077 52146
0.791827 52167
0.792009 52167
0.791958 52167
0.79209 52167
0.793178 52167
0.796256 52167
0.801273 52167
0.806331 52167
0.808517 52167
0.805621 52167
0.798153 52064
0.789866 52064
0.785239 52064
0.786752 52064
0.793581 52064
0.800862 52064
0.803143 52064
0.799103 52064
0.791798 52064
0.78542 52064
0.782546 52078
0.783708 52078
0.787978 52078
0.79389 52078
0.799724 52078
0.803901 52078
0.805771 52078
0.804856 52078
0.800319 52078
0.792274 52078
0.782679 52113
0.774919 52113
0.771356 52113
0.771599 52113
0.773658 52113
0.774906 52113
0.773421 52113
0.769649 52113
0.766161 52113
0.765383 52113
0.768485 52024
0.775292 52024
0.782963 52024
0.78647 52024
0.783592 52024
0.777519 52024
0.773225 52024
0.773421 52024
0.777173 52024
0.781077 52024
0.782497 52069
0.781418 52069
0.778805 52069
0.775624 52069
0.773169 52069
0.771775 52069
0.77092 52069
0.770613 52069
0.770636 52069
0.770449 52069
0.770065 52039
0.769418 52039
0.769241 52039
0.770567 52039
0.771556 52039
0.771026 52039
0.770257 52039
0.770978 52039
0.774535 52039
0.780036 52039
0.784569 52107
0.785647 52107
0.782334 52107
0.775892 52107
0.769312 52107
0.765655 52107
0.766035 52107
0.769533 52107
0.775084 52107
0.781604 52107
0.787006 52101
0.789657 52101
0.789783 52101
0.788672 52101
0.7877 52101
0.787466 52101
0.787318 52101
0.786472 52101
0.78497 52101
0.783513 52101
1 52082
0.994267 52082
0.979903 52082
0.961032 52082
0.943397 52082
0.931186 52082
0.924976 52082
0.922084 52082
0.918852 52082
0.913644 52082
0.907611 52032
0.903316 52032
0.90299 52032
0.906528 52032
0.911768 52032
0.916635 52032
0.92008 52032
0.92192 52032
0.923277 52032
0.92576 52032
0.928515 52086
0.927716 52086
0.92019 52086
0.907168 52086
0.894002 52086
0.885908 52086
0.883462 52086
0.883334 52086
0.883392 52086
0.884491 52086
0.887718 52075
0.89321 52075
0.899672 52075
0.904619 52075
0.906373 52075
0.904796 52075
0.90118 52075
0.897489 52075
0.894144 52075
0.890592 52075
0.886742 52092
0.883138 52092
0.882263 52092
0.88547 52092
0.889881 52092
0.893664 52092
0.897123 52092
0.898749 52092
0.896606 52092
0.892979 52092
0.8921 52079
0.894599 52079
0.899222 52079
0.904691 52079
0.909352 52079
0.911659 52079
0.910454 52079
0.9072 52079
0.904519 52079
0.902583 52079
0.900953 52054
0.900261 52054
0.901506 52054
0.90395 52054
0.903928 52054
0.89868 52054
0.891548 52054
0.889435 52054
0.89417 52054
0.900903 52054
0.904813 51971
0.9038 51971
0.896393 51971
0.883981 51971
0.872963 51971
0.868999 51971
0.871423 51971
0.876499 51971
0.881781 51971
0.886139 51971
0.890423 52029
0.895371 52029
0.899466 52029
0.90179 52029
0.902338 52029
0.900295 52029
0.896413 52029
0.893037 52029
0.891407 52029
0.891794 52029
0.893674 52020
0.894714 52020
0.893815 52020
0.895482 52020
0.90384 52020
0.914328 52020
0.920346 52020
0.921434 52020
0.920667 52020
0.919441 52020
0.916892 52046
0.912709 52046
0.908051 52046
0.904391 52046
0.902011 52046
0.90016 52046
0.898903 52046
0.901214 52046
0.909362 52046
0.91861 52046
0.921641 52037
0.916277 52037
0.907353 52037
0.901121 52037
0.897738 52037
0.894696 52037
0.892535 52037
0.892795 52037
0.895061 52037
0.897112 52037
0.897838 51970
0.898268 51970
0.89987 51970
0.903018 51970
0.905567 51970
0.904995 51970
0.902997 51970
0.903254 51970
0.906325 51970
0.911607 51970
0.917594 51954
0.920433 51954
0.918454 51954
0.912454 51954
0.904456 51954
0.898074 51954
0.895888 51954
0.896056 51954
0.895161 51954
0.892509 51954
0.889742 52030
0.889485 52030
0.894002 52030
0.903397 52030
0.914568 52030
0.922695 52030
0.925304 52030
0.923576 52030
0.919739 52030
0.914559 52030
0.908232 52007
0.903 52007
0.900709 52007
0.900318 52007
0.901165 52007
0.901766 52007
0.900682 52007
0.899378 52007
0.898781 52007
0.898136 52007
0.89722 51995
0.89483 51995
0.889516 51995
0.883129 51995
0.880132 51995
0.883438 51995
0.89098 51995
0.897542 51995
0.899673 51995
0.897689 51995
0.894739 52023
0.894623 52023
0.898432 52023
0.904278 52023
0.91016 52023
0.914973 52023
0.917579 52023
0.917797 52023
0.917223 52023
0.916466 52023
0.914936 52092
0.913166 52092
0.909521 52092
0.902381 52092
0.894537 52092
0.890138 52092
0.890735 52092
0.894639 52092
0.899119 52092
0.902504 52092
0.90362 51996
0.901486 51996
0.896478 51996
0.89043 51996
0.886714 51996
0.888015 51996
0.893224 51996
0.899508 51996
0.905168 51996
0.908604 51996
1 52041
0.995268 52041
0.985655 52041
0.975108 52041
0.966596 52041
0.962505 52041
0.963681 52041
0.966645 52041
0.968263 52041
0.969871 52041
0.974033 52085
0.979934 52085
0.984511 52085
0.985902 52085
0.985039 52085
0.983183 52085
0.978699 52085
0.970812 52085
0.962078 52085
0.955334 52085
0.950646 52035
0.945008 52035
0.936073 52035
0.925498 52035
0.918124 52035
0.918108 52035
0.926349 52035
0.941764 52035
0.960583 52035
0.976108 52035
0.984031 51990
0.984493 51990
0.980328 51990
0.975373 51990
0.97102 51990
0.966901 51990
0.964321 51990
0.965797 51990
0.970212 51990
0.971965 51990
0.968537 52030
0.963438 52030
0.960228 52030
0.960821 52030
0.966476 52030
0.97348 52030
0.976788 52030
0.975541 52030
0.971114 52030
0.963191 52030
0.951142 52059
0.937493 52059
0.92738 52059
0.924183 52059
0.927858 52059
0.937032 52059
0.948851 52059
0.959863 52059
0.967724 52059
0.970984 52059
0.970767 52068
0.972013 52068
0.975121 52068
0.97775 52068
0.980024 52068
0.981596 52068
0.983449 52068
0.986543 52068
0.988619 52068
0.988359 52068
0.987357 51957
0.985783 51957
0.981604 51957
0.97466 51957
0.966811 51957
0.95889 51957
0.951776 51957
0.94866 51957
0.95147 51957
0.959007 51957
0.968819 52004
0.977376 52004
0.980974 52004
0.978667 52004
0.97169 52004
0.96131 52004
0.949957 52004
0.941813 52004
0.93937 52004
0.941593 52004
0.945195 52013
0.947152 52013
0.947377 52013
0.947811 52013
0.949297 52013
0.950887 52013
0.952488 52013
0.956172 52013
0.963096 52013
0.970332 52013
0.974334 52070
0.974825 52070
0.973175 52070
0.970683 52070
0.967738 52070
0.961834 52070
0.952492 52070
0.945406 52070
0.945047 52070
0.948816 52070
0.950768 52044
0.949369 52044
0.950451 52044
0.958097 52044
0.967852 52044
0.972706 52044
0.96995 52044
0.961934 52044
0.952044 52044
0.942232 52044
0.93568 51972
0.934859 51972
0.938588 51972
0.944097 51972
0.950001 51972
0.954913 51972
0.956702 51972
0.954583 51972
0.949199 51972
0.944156 51972
0.941457 51915
0.941658 51915
0.947601 51915
0.959392 51915
0.972892 51915
0.983797 51915
0.988092 51915
0.985009 51915
0.979308 51915
0.975574 51915
0.973847 51912
0.97266 51912
0.972 51912
0.973402 51912
0.977412 51912
0.98124 51912
0.98163 51912
0.978038 51912
0.972919 51912
0.97018 51912
0.971478 51940
0.975107 51940
0.978483 51940
0.979914 51940
0.97858 51940
0.974643 51940
0.969144 51940
0.9635 51940
0.958752 51940
0.954701 51940
0.950297 51873
0.945594 51873
0.942301 51873
0.941439 51873
0.941816 51873
0.943104 51873
0.947549 51873
0.954985 51873
0.960401 51873
0.960665 51873
0.95917 51999
0.960613 51999
0.96475 51999
0.968014 51999
0.968359 51999
0.967452 51999
0.969196 51999
0.975795 51999
0.984161 51999
0.988092 51999
0.985211 52008
0.978264 52008
0.970316 52008
0.962955 52008
0.957347 52008
0.954817 52008
0.957076 52008
0.963791 52008
0.972676 52008
0.981455 52008
0.986805 52013
0.986487 52013
0.983008 52013
0.981597 52013
0.983941 52013
0.987078 52013
0.986865 52013
0.981503 52013
0.972955 52013
0.964022 52013
1 52038
0.996486 52038
0.996191 52038
0.999585 52038
1.00436 52038
1.00489 52038
0.999312 52038
0.991336 52038
0.985138 52038
0.982931 52038
0.983917 51972
0.985973 51972
0.987673 51972
0.98905 51972
0.991152 51972
0.993163 51972
0.992911 51972
0.989739 51972
0.985598 51972
0.984046 51972
0.985637 51960
0.986026 51960
0.98325 51960
0.980753 51960
0.98307 51960
0.991614 51960
1.00373 51960
1.01404 51960
1.01789 51960
1.01283 51960
0.998466 51948
0.978269 51948
0.960515 51948
0.953273 51948
0.957437 51948
0.966024 51948
0.971424 51948
0.972678 51948
0.973137 51948
0.97331 51948
0.971219 51908
0.966771 51908
0.962046 51908
0.95933 51908
0.959636 51908
0.961725 51908
0.963678 51908
0.966033 51908
0.970871 51908
0.97818 51908
0.986323 51890
0.991974 51890
0.992621 51890
0.989837 51890
0.986615 51890
0.984588 51890
0.984912 51890
0.988066 51890
0.992372 51890
0.994843 51890
0.993447 51859
0.988466 51859
0.981907 51859
0.975442 51859
0.96925 51859
0.965087 51859
0.967731 51859
0.97793 51859
0.988996 51859
0.992693 51859
0.987681 51919
0.981685 51919
0.98161 51919
0.987218 51919
0.995172 51919
1.00057 51919
1.00151 51919
0.999343 51919
0.995281 51919
0.992608 51919
0.993247 51955
0.993806 51955
0.99119 51955
0.987577 51955
0.984717 51955
0.980716 51955
0.975688 51955
0.970173 51955
0.963115 51955
0.955264 51955
0.951783 51990
0.95701 51990
0.967893 51990
0.977502 51990
0.981275 51990
0.978564 51990
0.970779 51990
0.960099 51990
0.950501 51990
0.946205 51990
0.948211 51878
0.954547 51878
0.962444 51878
0.969725 51878
0.976018 51878
0.982382 51878
0.988407 51878
0.992461 51878
0.9941 51878
0.992733 51878
0.986798 51925
0.977625 51925
0.970775 51925
0.971682 51925
0.977797 51925
0.981588 51925
0.981292 51925
0.979467 51925
0.978856 51925
0.979405 51925
0.980022 52020
0.980282 52020
0.979117 52020
0.976411 52020
0.974346 52020
0.976938 52020
0.984342 52020
0.9912 52020
0.99485 52020
0.995714 52020
0.994569 52013
0.992443 52013
0.98958 52013
0.986427 52013
0.985176 52013
0.988002 52013
0.994081 52013
0.998722 52013
0.998823 52013
0.996672 52013
0.995779 52036
0.99609 52036
0.995863 52036
0.995452 52036
0.996744 52036
0.99946 52036
0.999618 52036
0.994853 52036
0.988916 52036
0.985717 52036
0.983141 51982
0.978711 51982
0.975075 51982
0.974934 51982
0.976597 51982
0.976942 51982
0.9739 51982
0.968448 51982
0.966377 51982
0.97163 51982
0.980321 51947
0.986153 51947
0.986885 51947
0.986247 51947
0.988726 51947
0.994202 51947
0.999618 51947
1.0004 51947
0.995777 51947
0.990501 51947
0.988687 51923
0.990044 51923
0.991017 51923
0.987949 51923
0.980494 51923
0.973657 51923
0.971413 51923
0.971341 51923
0.969908 51923
0.966501 51923
0.963483 51943
0.965147 51943
0.972594 51943
0.981148 51943
0.985674 51943
0.984713 51943
0.980001 51943
0.975044 51943
0.972219 51943
0.972756 51943
0.976339 51917
0.981324 51917
0.986751 51917
0.991551 51917
0.993556 51917
0.992055 51917
0.990788 51917
0.99352 51917
0.998217 51917
1.00164 51917
