0.996162
0.987674
0.964585
0.927086
0.870946
0.794097
0.701557
0.608015
0.531306
0.482094
0.460839
0.460949
0.473257
0.489664
0.504878
0.516496
0.524302
0.529269
0.532545
0.534806
0.536186
0.536669
0.536434
0.535752
0.534876
0.533906
0.532699
0.531153
0.529494
0.5281
0.527127
0.526556
0.526385
0.526685
0.527594
0.529286
0.531855
0.535
0.537956
0.539908
0.540332
0.539102
0.536458
0.53287
0.52907
0.526232
0.525473
0.526976
0.529692
0.531873
0.532298
0.531093
0.529352
0.528034
0.527145
0.525927
0.523888
0.521756
0.521259
0.523762
0.529236
0.536351
0.543148
0.547994
0.550545
0.551771
0.552925
0.554532
0.556213
0.557247
0.55722
0.556282
0.554897
0.553295
0.55122
0.548267
0.544371
0.54006
0.536328
0.534031
0.533311
0.533975
0.535975
0.539189
0.543106
0.546564
0.548275
0.548018
0.546845
0.546035
0.546148
0.547058
0.548448
0.549971
0.551054
0.550895
0.548965
0.54571
0.542881
0.542361
0.544124
0.546819
0.549437
0.551179
0.551087
0.548664
0.544595
0.540396
0.537732
0.537785
0.540361
0.544176
0.548105
0.551504
0.553831
0.554645
0.553927
0.552185
0.550013
0.547639
0.545315
0.543712
0.543245
0.54314
0.541952
0.539361
0.536609
0.534861
0.534171
0.53398
0.5343
0.535862
0.53883
0.54225
0.545091
0.54719
0.549188
0.551967
0.555775
0.559601
0.561948
0.562382
0.56202
0.562309
0.563515
0.564656
0.564411
0.561986
0.557747
0.552986
0.548795
0.545484
0.542918
0.540967
0.539781
0.539603
0.540237
0.541103
0.541818
0.542297
0.542343
0.541617
0.540234
0.539361
0.540866
0.545755
0.552773
0.559058
0.562457
0.562792
0.560992
0.558
0.554689
0.551615
0.548456
0.544637
0.540572
0.537471
0.535994
0.535343
0.534022
0.53146
0.528641
0.52716
0.52752
0.528577
0.528868
0.52827
0.527905
0.528578
0.529967
0.531662
0.533985
0.537316
0.541528
0.546181
0.550647
0.554054
0.555419
0.554028
0.549854
0.983444
0.950978
0.909595
0.868324
0.834682
0.812859
0.803276
0.803579
0.810166
0.818274
0.82325
0.823086
0.818718
0.812795
0.807624
0.803975
0.802744
0.805352
0.811369
0.817478
0.819338
0.815083
0.806015
0.794251
0.783332
0.777693
0.779637
0.788227
0.799764
0.810074
0.817216
0.820886
0.820257
0.814346
0.804176
0.79307
0.78495
0.782493
0.785326
0.790595
0.795984
0.800833
0.805011
0.808228
0.809684
0.808431
0.804533
0.799872
0.796962
0.795634
0.793009
0.786936
0.777889
0.768936
0.763967
0.765039
0.770457
0.77589
0.778735
0.7794
0.779193
0.779186
0.77952
0.779468
0.779209
0.779842
0.781699
0.784358
0.787366
0.790128
0.791811
0.792301
0.792829
0.795257
0.800333
0.80509
0.805091
0.799914
0.79299
0.787084
0.782656
0.779555
0.777695
0.778021
0.781486
0.786795
0.790947
0.790545
0.784714
0.777782
0.775318
0.778326
0.783995
0.789269
0.792733
0.794806
0.79641
0.797301
0.796575
0.795
0.794959
0.796834
0.797383
0.793675
0.787273
0.783485
0.784768
0.788206
0.79077
0.791827
0.792009
0.791958
0.79209
0.793178
0.796256
0.801273
0.806331
0.808517
0.805621
0.798153
0.789866
0.785239
0.786752
0.793581
0.800862
0.803143
0.799103
0.791798
0.78542
0.782546
0.783708
0.787978
0.79389
0.799724
0.803901
0.805771
0.804856
0.800319
0.792274
0.782679
0.774919
0.771356
0.771599
0.773658
0.774906
0.773421
0.769649
0.766161
0.765383
0.768485
0.775292
0.782963
0.78647
0.783592
0.777519
0.773225
0.773421
0.777173
0.781077
0.782497
0.781418
0.778805
0.775624
0.773169
0.771775
0.77092
0.770613
0.770636
0.770449
0.770065
0.769418
0.769241
0.770567
0.771556
0.771026
0.770257
0.770978
0.774535
0.780036
0.784569
0.785647
0.782334
0.775892
0.769312
0.765655
0.766035
0.769533
0.775084
0.781604
0.787006
0.789657
0.789783
0.788672
0.7877
0.787466
0.787318
0.786472
0.78497
0.783513
0.78257
0.994267
0.979903
0.961032
0.943397
0.931186
0.924976
0.922084
0.918852
0.913644
0.907611
0.903316
0.90299
0.906528
0.911768
0.916635
0.92008
0.92192
0.923277
0.92576
0.928515
0.927716
0.92019
0.907168
0.894002
0.885908
0.883462
0.883334
0.883392
0.884491
0.887718
0.89321
0.899672
0.904619
0.906373
0.904796
0.90118
0.897489
0.894144
0.890592
0.886742
0.883138
0.882263
0.88547
0.889881
0.893664
0.897123
0.898749
0.896606
0.892979
0.8921
0.894599
0.899222
0.904691
0.909352
0.911659
0.910454
0.9072
0.904519
0.902583
0.900953
0.900261
0.901506
0.90395
0.903928
0.89868
0.891548
0.889435
0.89417
0.900903
0.904813
0.9038
0.896393
0.883981
0.872963
0.868999
0.871423
0.876499
0.881781
0.886139
0.890423
0.895371
0.899466
0.90179
0.902338
0.900295
0.896413
0.893037
0.891407
0.891794
0.893674
0.894714
0.893815
0.895482
0.90384
0.914328
0.920346
0.921434
0.920667
0.919441
0.916892
0.912709
0.908051
0.904391
0.902011
0.90016
0.898903
0.901214
0.909362
0.91861
0.921641
0.916277
0.907353
0.901121
0.897738
0.894696
0.892535
0.892795
0.895061
0.897112
0.897838
0.898268
0.89987
0.903018
0.905567
0.904995
0.902997
0.903254
0.906325
0.911607
0.917594
0.920433
0.918454
0.912454
0.904456
0.898074
0.895888
0.896056
0.895161
0.892509
0.889742
0.889485
0.894002
0.903397
0.914568
0.922695
0.925304
0.923576
0.919739
0.914559
0.908232
0.903
0.900709
0.900318
0.901165
0.901766
0.900682
0.899378
0.898781
0.898136
0.89722
0.89483
0.889516
0.883129
0.880132
0.883438
0.89098
0.897542
0.899673
0.897689
0.894739
0.894622
0.898432
0.904278
0.910159
0.914973
0.917579
0.917797
0.917223
0.916466
0.914936
0.913166
0.909521
0.902381
0.894537
0.890138
0.890735
0.894639
0.899119
0.902504
0.90362
0.901486
0.896477
0.89043
0.886714
0.888015
0.893224
0.899508
0.905168
0.908604
0.908889
0.995268
0.985655
0.975108
0.966596
0.962505
0.963681
0.966645
0.968263
0.969871
0.974033
0.979934
0.984511
0.985902
0.98504
0.983184
0.978699
0.970812
0.962078
0.955334
0.950646
0.945008
0.936073
0.925498
0.918123
0.918108
0.926349
0.941764
0.960584
0.976108
0.984032
0.984493
0.980329
0.975373
0.97102
0.9669
0.96432
0.965796
0.970211
0.971964
0.968537
0.963438
0.960228
0.960821
0.966477
0.97348
0.976788
0.97554
0.971114
0.963192
0.951143
0.937493
0.927379
0.924181
0.927856
0.93703
0.94885
0.959864
0.967726
0.970986
0.970768
0.972015
0.975122
0.977751
0.980025
0.981598
0.98345
0.986545
0.988621
0.98836
0.987358
0.985783
0.981603
0.974658
0.96681
0.958891
0.951778
0.948663
0.951473
0.95901
0.968822
0.977378
0.980976
0.978668
0.971687
0.961303
0.94995
0.94181
0.93937
0.941593
0.945194
0.947149
0.947372
0.947804
0.94929
0.950881
0.952486
0.956175
0.9631
0.970332
0.974326
0.974813
0.973165
0.970683
0.967742
0.961834
0.95248
0.94538
0.945015
0.948789
0.950751
0.949362
0.950456
0.958117
0.967877
0.972721
0.969946
0.961913
0.952017
0.942212
0.935678
0.934878
0.938622
0.944129
0.950011
0.954907
0.9567
0.954597
0.949228
0.944195
0.9415
0.941688
0.947611
0.959391
0.972894
0.983807
0.988105
0.985011
0.979294
0.975546
0.973807
0.972607
0.971937
0.973338
0.977355
0.981189
0.981584
0.977992
0.972859
0.970103
0.97141
0.975088
0.978529
0.979996
0.978635
0.974635
0.969096
0.963458
0.958732
0.95469
0.950272
0.945536
0.942218
0.94136
0.941776
0.943109
0.947555
0.954974
0.96046
0.960892
0.959563
0.96104
0.96505
0.968155
0.968387
0.967373
0.968974
0.975437
0.983773
0.987831
0.985167
0.978401
0.970505
0.963031
0.957256
0.954668
0.956981
0.963829
0.972951
0.982074
0.987794
0.987683
0.98404
0.982131
0.983996
0.986843
0.98645
0.981123
0.972957
0.964545
0.958242
0.99681
0.996528
0.999573
1.00387
1.00408
0.998549
0.990752
0.984556
0.982141
0.982958
0.985019
0.98665
0.987758
0.989604
0.991503
0.991301
0.988654
0.985436
0.984193
0.985212
0.985016
0.982068
0.979865
0.982649
0.991292
1.00302
1.01268
1.01623
1.01183
0.998867
0.980009
0.962867
0.95568
0.960238
0.969445
0.974359
0.973402
0.970754
0.96874
0.966572
0.963834
0.961665
0.960687
0.960238
0.960006
0.961622
0.966794
0.973761
0.98017
0.985686
0.988651
0.988096
0.986214
0.984449
0.982662
0.982933
0.987763
0.994646
0.997945
0.995102
0.987826
0.979574
0.973752
0.971977
0.973637
0.978966
0.987928
0.995741
0.996465
0.990073
0.982124
0.976626
0.975533
0.980826
0.989941
0.997985
1.00149
0.998768
0.992328
0.985835
0.980614
0.977197
0.977138
0.980124
0.981327
0.977012
0.968623
0.95948
0.9528
0.95233
0.958248
0.965112
0.969338
0.972106
0.974523
0.974982
0.972987
0.971235
0.971292
0.97237
0.973677
0.974189
0.971834
0.966948
0.964033
0.965863
0.970697
0.975969
0.980055
0.981908
0.981201
0.979168
0.978211
0.980166
0.983904
0.986788
0.989047
0.991955
0.992702
0.988524
0.980675
0.972009
0.966118
0.966533
0.972652
0.97917
0.981327
0.978212
0.971627
0.964971
0.962553
0.966262
0.9734
0.978949
0.979202
0.97475
0.970103
0.967901
0.965633
0.960445
0.954854
0.95487
0.962722
0.973984
0.982101
0.984557
0.984417
0.985534
0.987607
0.988898
0.989093
0.989006
0.989341
0.989247
0.987632
0.984681
0.981856
0.979985
0.977758
0.974602
0.972417
0.973561
0.978171
0.984689
0.990837
0.994338
0.995714
0.995717
0.99823
1.00292
1.00716
1.01055
1.01071
1.00469
0.993831
0.982992
0.975683
0.971113
0.966171
0.960706
0.958656
0.961814
0.968797
0.977737
0.985753
0.989695
0.989158
0.985871
0.981255
0.976321
0.971908
0.968877
0.967954
0.968363
0.968275
0.966384
0.963501
0.962445
0.964949
